rs_id	chr	position	var_name	exp_freq_a1	onco_bc_info	typed	type	onco_baseline	onco_effect	onco_bc_p	onco_bc_hr	onco_bc_beta	onco_bc_se	onco_oc_p	onco_oc_hr	onco_oc_beta	onco_oc_se	icogs_baseline	icogs_effect	icogs2_bc_info	icogs2_bc_beta	icogs2_bc_se	icogs2_oc_info	icogs2_oc_beta	icogs2_oc_se	onco_icogs_effect	onco_icogs_baseline	onco_icogs_bc_freq	onco_icogs_bc_effect	onco_icogs_bc_se	onco_icogs_bc_pval	onco_icogs_bc_direction	onco_icogs_oc_freq	onco_icogs_oc_effect	onco_icogs_oc_se	onco_icogs_oc_pval	onco_icogs_oc_direction	bcac_icogs1_risk_P1df	bcac_icogs1_erneg_P1df	bcac_icogs1_erpos_P1df
rs190434310:32919029:A:T	13	32919029	13_32919029_A_T	0.006999999999999999	0.95	0	0	A	T	0.8295873139794939	1.02709872417749	0.0267380550288757	0.124229639628807	0.341540058565199	0.8285242850066741	-0.18810913052739606	0.197775048325466	A	T	0.880700716287761	-0.122633340015712	0.30760595763167603	0.880700716287761	-0.38312031365346505	0.458972369460321	a	t	0.9931	-0.0058	0.1152	0.9599	-+	0.9931	0.2186	0.1816	0.2287	++	-4.508638306165727	-3.4814860601221125	-3.619788758288394
rs56084662:32869864:G:A	13	32869864	13_32869864_G_A	0.00645886398369842	0.9240695364238408	0	0	G	A	0.916347078383424	0.986268679510261	-0.013826467067053	0.13163524682688302	0.39473204169691	0.837041064923586	-0.177882147660816	0.20901070344585296	G	A	0.862726253503581	-0.195265566491294	0.308841359558282	0.862726253503581	-0.5066094463642571	0.460170146275885	a	g	0.0065	-0.0417	0.1211	0.7304	--	0.0065	-0.2341	0.1903	0.2186	--	-4.552841968657781	-3.408935392973501	-3.657577319177794
rs11571818:32968810:T:C	13	32968810	13_32968810_T_C	0.009000000000000001	0.999	0	0	T	C	0.429993702521485	1.08729712843272	0.0836949180107397	0.106050000521146	0.23178681161269504	0.817449042728068	-0.20156671120786496	0.168566631443946	T	C	1.0	-0.0137701628537762	0.258229486408932	1.0	-0.33477954992976194	0.38132391199776	t	c	0.991	-0.0696	0.0981	0.4778	-+	0.991	0.2233	0.1542	0.1474	++	-5.795880017344075	-4.638272163982407	-3.886056647693163
